timestamp,open,high,low,close,volume
2020-10-08,49.4300,50.5400,48.8300,50.4600,42985733
2020-10-02,49.3100,49.7100,48.5500,49.3600,70586710
2020-09-25,49.7500,50.0350,47.5600,48.7200,77062079
2020-09-18,50.9700,51.4462,49.9400,50.4500,76208465
2020-09-11,50.9300,51.2000,49.3600,51.0600,66740863
2020-09-04,49.8000,52.1378,48.8300,51.0400,100742771
2020-08-28,47.4300,49.8500,47.1750,49.8300,54561602
2020-08-21,48.3200,48.7500,46.9700,47.2800,62251791
2020-08-14,48.0600,48.7300,47.6600,48.4500,57942263
2020-08-07,47.1400,48.0800,46.2200,47.8000,58825224
2020-07-31,48.1800,49.2800,46.7300,47.2400,77104343
2020-07-24,46.7200,48.8000,45.8500,48.4900,104256890
2020-07-17,45.5300,47.1900,44.6700,46.8200,84706703
2020-07-10,45.1400,45.5000,43.8300,45.1500,73723644
2020-07-02,44.0000,45.5300,43.5500,44.8800,70709435
2020-06-26,46.0300,46.2900,43.5100,43.5700,88938779
2020-06-19,44.5700,47.7900,44.4700,46.0200,86854290
2020-06-12,49.5400,49.9700,45.0100,45.6000,100142985
2020-06-05,46.6600,49.4900,46.5600,49.0900,81863828
2020-05-29,46.9200,47.4600,45.9300,46.6800,108018487
2020-05-22,44.8200,46.1700,44.1300,45.0300,92527812
2020-05-15,45.6900,46.1100,43.2000,43.2600,89696134
2020-05-08,45.3200,46.2200,44.5000,46.1100,78245871
2020-05-01,46.0000,48.0000,45.2100,45.6000,87258075
2020-04-24,47.7900,48.0000,44.2600,45.4300,94429312
2020-04-17,48.3500,49.2500,46.5000,48.0600,91662920
2020-04-09,45.3900,49.7300,44.6900,49.0000,82214952
2020-04-03,43.0400,45.5600,41.8000,43.8300,102536554
2020-03-27,38.7600,45.2700,36.2700,42.8100,197629730
2020-03-20,42.2400,47.8800,37.5100,38.3000,189234824
2020-03-13,52.0500,53.8000,46.6100,48.4700,143507594
2020-03-06,53.9300,59.0000,53.7000,55.2600,113611227
2020-02-28,59.1100,59.8000,51.5800,53.4900,110801473
2020-02-21,59.8100,60.1300,59.1100,60.1300,34780180
2020-02-14,59.3200,60.0700,59.2100,59.9500,42732734
2020-02-07,58.7500,59.4500,58.5200,59.1900,57269851
2020-01-31,57.2100,59.0800,56.6600,58.4000,80669121
2020-01-24,56.8500,57.8700,56.5700,57.6800,46288833
2020-01-17,55.5300,57.1500,55.4200,56.9400,72879215
2020-01-10,54.6500,55.9300,54.1500,55.5300,64031007
2020-01-03,55.1800,55.4300,54.0900,54.6900,37636364
2019-12-27,55.0000,55.4500,54.6400,55.3500,25783994
2019-12-20,54.6900,55.2000,53.8900,54.9700,70190819
2019-12-13,54.3000,54.5500,53.6600,54.4200,55627578
2019-12-06,53.3200,54.5000,52.8500,54.4200,64545048
2019-11-29,53.2800,54.1000,52.7700,53.4000,41013886
2019-11-22,52.6800,53.4400,52.6700,53.0300,55384953
2019-11-15,52.3300,52.6800,51.5800,52.6700,51035744
2019-11-08,53.9600,54.0000,51.9600,52.2100,68918757
2019-11-01,53.7400,54.7400,53.1600,53.9000,49356375
2019-10-25,54.4500,54.8200,53.6700,53.7500,51995354
2019-10-18,53.4900,55.3900,53.1300,54.7800,59015291
2019-10-11,54.3300,54.3600,53.2000,53.3000,45304035
2019-10-04,54.1500,54.7800,52.8200,54.5400,63895999
2019-09-27,53.9100,54.6400,53.8800,54.3100,46655928
2019-09-20,54.1000,54.7000,53.6300,53.9100,59678503
2019-09-13,55.0300,55.3100,53.8500,54.2600,56380086
2019-09-06,54.9800,55.9200,54.7600,55.2300,46479868
2019-08-30,54.0000,55.3400,53.7300,55.0400,50821917
2019-08-23,54.4400,54.7800,53.3900,53.7400,51628774
2019-08-16,53.2800,54.4900,52.8700,54.4100,57207032
2019-08-09,52.3900,53.9000,51.4000,53.4200,77886549
2019-08-02,54.1700,54.3000,51.9100,52.3300,69906351
2019-07-26,51.5200,54.8200,51.1300,54.1700,91734153
2019-07-19,52.2800,52.4700,51.3700,51.3900,43541125
2019-07-12,52.2000,52.3300,51.4300,52.1200,45425202
2019-07-05,51.0700,52.3300,50.7800,52.1100,39723611
2019-06-28,51.7400,52.2000,50.5200,50.9200,63419934
2019-06-21,51.2500,51.8900,50.4700,51.5500,62878829
2019-06-14,51.5400,52.1400,50.7800,51.3100,49789100
2019-06-07,49.1600,52.1900,49.0200,51.4900,72499730
2019-05-31,49.6000,49.6700,48.4100,49.1300,51605126
2019-05-24,49.0400,49.9000,48.4500,49.6100,59576016
2019-05-17,47.9100,49.6600,47.7300,49.2000,69206716
2019-05-10,48.3300,48.6100,47.0700,48.1900,51531567
2019-05-03,48.1700,49.1800,48.1100,48.7200,53997977
2019-04-26,47.4000,48.7200,47.0200,48.2600,72758647
2019-04-18,46.8800,47.5800,46.7000,47.4800,45082750
2019-04-12,46.5400,47.0000,46.2700,46.7400,44166056
2019-04-05,46.9900,47.1700,46.0400,46.4700,48365249
2019-03-29,45.8600,46.9200,45.7900,46.8600,61813360
2019-03-22,45.4300,46.1100,45.1800,45.9300,91468775
2019-03-15,45.1400,46.3400,45.1000,45.3000,123456611
2019-03-08,45.5300,45.7850,44.6100,44.8400,70931552
2019-03-01,45.4400,45.6400,44.4200,45.3800,100890722
2019-02-22,45.3200,45.9500,44.7700,45.2800,100824842
2019-02-15,49.5700,49.9400,45.2000,45.2400,127708568
2019-02-08,48.7000,49.5000,48.5400,49.5000,56308145
2019-02-01,47.2200,48.7800,46.9400,48.7000,86229618
2019-01-25,47.7000,48.2900,47.2100,47.3700,46097380
2019-01-18,47.2500,47.6900,46.8100,47.6100,64570403
2019-01-11,47.5700,47.7500,46.3400,47.3400,73653989
2019-01-04,47.4900,47.5700,46.5300,47.5700,49908217
2018-12-28,47.6200,48.0100,45.6600,47.2000,55260987
2018-12-21,49.3400,49.5300,47.1000,47.5700,104760308
2018-12-14,49.4500,50.0200,48.4700,49.3400,70333959
2018-12-07,49.8700,50.5100,48.6600,49.0900,67169299
2018-11-30,49.0100,50.4900,48.6700,50.4000,66993784
2018-11-23,50.3100,50.8400,48.5500,49.0200,48183057
2018-11-16,49.6100,50.2500,49.2700,50.1700,65384062
2018-11-09,48.0000,49.8900,47.9200,49.6800,65317867
2018-11-02,46.1500,48.1500,46.0400,48.0000,101216513
2018-10-26,46.3700,47.3900,45.4300,45.9200,89071861
2018-10-19,44.6400,46.4900,44.5900,46.3300,59812990
2018-10-12,45.9900,46.7000,44.2500,44.6800,64647680
2018-10-05,46.1700,46.5600,45.4300,45.8800,45686207
2018-09-28,46.4900,46.5300,45.5700,46.1900,48759380
2018-09-21,46.0000,46.6900,45.8700,46.5800,54471480
2018-09-14,45.9100,46.3100,45.6100,45.9900,46971303
2018-09-07,44.6000,46.0000,44.5100,45.7200,43341194
2018-08-31,46.0500,46.0500,44.3900,44.5700,60019945
2018-08-24,46.6800,46.8700,45.5800,45.6300,51635464
2018-08-17,46.0500,46.7300,45.6500,46.6000,44162363
2018-08-10,46.6000,46.8700,45.9700,46.0800,41960758
2018-08-03,46.1000,46.7600,46.0500,46.6200,54783683
2018-07-27,45.2800,46.5900,44.6100,46.2100,67350516
2018-07-20,44.7300,45.4300,44.5300,45.2800,43931821
2018-07-13,44.5400,45.0000,44.3400,44.7400,37612432
2018-07-06,43.7800,44.9400,43.5800,44.6400,37851271
2018-06-29,43.1600,44.1000,42.9900,43.8600,65551910
2018-06-22,43.8800,43.9600,42.9600,43.2500,62488420
2018-06-15,43.9500,44.5200,43.4500,44.1200,66773104
2018-06-08,43.3600,44.0000,43.0400,43.9500,54933219
2018-06-01,42.1200,43.3200,42.1000,43.1200,51177013
2018-05-25,42.3100,42.6000,41.9300,42.4000,44380602
2018-05-18,42.2500,42.3800,41.4500,42.1800,65563274
2018-05-11,42.3400,42.4900,41.6700,42.1400,47949411
2018-05-04,43.5000,43.6900,41.5200,42.3600,70586674
2018-04-27,43.7400,44.1000,41.9100,43.3100,74155583
2018-04-20,44.6500,45.0300,43.5800,43.7400,49858646
2018-04-13,44.0300,44.6900,43.7200,44.5100,50275563
2018-04-06,43.4400,44.6100,42.4700,43.9200,66458781
2018-03-29,42.6100,43.9200,42.2500,43.4300,49263174
2018-03-23,43.4600,43.7100,42.2900,42.3300,64071723
2018-03-16,44.9500,45.0900,43.4500,43.4600,75879067
2018-03-09,43.5700,44.8200,43.4700,44.8200,54715237
2018-03-02,44.2300,44.3900,42.8200,43.7200,68892912
2018-02-23,44.7500,44.8300,43.2200,44.0400,46466817
2018-02-16,43.5600,45.6400,43.3700,44.9800,71815736
2018-02-09,46.6500,46.9200,42.1900,43.1300,111771528
2018-02-02,48.2100,48.4600,46.6300,46.7300,56938455
2018-01-26,47.1400,48.6200,47.0900,48.5300,63094391
2018-01-19,46.1500,47.2500,46.1400,47.1600,53845914
2018-01-12,45.9500,46.3900,45.8600,46.1500,48931349
2018-01-05,45.9100,46.2200,45.3400,46.0700,47918144
2017-12-29,45.7000,46.1800,45.6100,45.8800,25021253
2017-12-22,46.2300,46.3800,45.5500,45.5900,39831320
2017-12-15,45.3100,46.4200,44.9200,46.1900,64911685
2017-12-08,45.9900,46.4800,45.0500,45.3100,61184113
2017-12-01,45.8800,46.1500,45.0300,45.9700,60054400
2017-11-24,45.6500,46.0450,45.4200,45.8800,40468986
2017-11-17,46.6000,47.4800,45.2500,45.7100,69311855
2017-11-10,45.9100,46.6400,45.3100,46.5400,39190342
2017-11-03,46.0000,46.1700,45.6300,45.9700,33348993
2017-10-27,46.3800,46.7600,45.9100,46.0700,46449944
2017-10-20,46.1200,46.7900,46.1003,46.3800,42969889
2017-10-13,45.5500,46.3800,45.3400,46.1800,32806222
2017-10-06,45.0500,45.7450,44.7450,45.4900,51708107
2017-09-29,45.5000,45.8700,44.3800,45.0100,48760678
2017-09-22,46.1500,46.2400,45.3600,45.4900,41905951
2017-09-15,46.3500,46.9800,45.9400,46.1800,57956790
2017-09-08,45.7500,46.3700,45.6500,46.3000,38062506
2017-09-01,45.6300,45.8000,45.2500,45.7800,44362860
2017-08-25,45.6700,45.8000,45.3100,45.5700,40348357
2017-08-18,45.6700,46.3400,45.6200,45.6700,44764078
2017-08-11,45.5200,45.9000,45.3250,45.5900,38683338
2017-08-04,46.0000,46.0762,45.3800,45.5000,57317751
2017-07-28,45.0400,46.4250,44.3100,46.0100,63580468
2017-07-21,44.6600,45.0700,44.5450,45.0300,37256710
2017-07-14,44.4500,44.7700,44.1500,44.6800,42170388
2017-07-07,45.1100,45.2700,44.2400,44.3900,35387423
2017-06-30,45.3200,45.5100,44.6500,44.8500,46761043
2017-06-23,45.3500,45.8650,45.0300,45.2500,48426437
2017-06-16,45.3500,45.4800,44.8000,45.3100,67624903
2017-06-09,45.7800,46.0600,44.9700,45.3200,53456147
2017-06-02,45.1600,45.8900,45.1100,45.8900,47408178
2017-05-26,43.8900,45.5600,43.8100,45.3900,64569521
2017-05-19,43.4600,44.1650,43.4600,43.9000,57511914
2017-05-12,43.5900,43.9100,43.3600,43.5900,44176036
2017-05-05,43.1500,43.8400,43.1000,43.6900,53073280
2017-04-28,43.2400,43.4300,42.8200,43.1500,68961129
2017-04-21,42.7900,43.7900,42.7800,43.0700,63063073
2017-04-13,42.7300,43.0800,42.5100,42.7900,41645433
2017-04-07,42.5800,42.8550,42.2700,42.6100,57951663
2017-03-31,42.1100,42.6500,42.0500,42.4400,59642857
2017-03-24,42.1000,42.7000,41.9100,42.1200,65584676
2017-03-17,41.9200,42.3900,41.8300,42.0300,98964456
2017-03-10,42.3400,42.4300,41.7400,42.2900,73085824
2017-03-03,41.7500,42.5600,41.5850,42.4800,70044893
2017-02-24,41.2000,42.0000,41.2000,41.7800,54331432
2017-02-17,40.7700,41.3600,40.2200,41.2300,119675111
2017-02-10,41.5300,42.1500,40.5500,40.5800,99354282
2017-02-03,41.3000,41.7900,41.2050,41.5400,56769052
2017-01-27,41.3100,42.2500,41.2100,41.4500,63151614
2017-01-20,40.8400,41.4400,40.8000,41.3200,48542377
2017-01-13,41.2300,41.5800,40.6900,40.8800,60459843
2017-01-06,41.5000,41.9700,41.2800,41.7400,43885882
2016-12-30,41.5600,41.8400,41.3500,41.4600,34332243
2016-12-23,41.6900,41.8301,41.0800,41.6000,47312455
2016-12-16,42.0000,42.0100,41.0600,41.7400,88422930
2016-12-09,40.3400,42.2200,40.3100,42.0000,82202683
2016-12-02,41.5100,41.7900,39.8800,40.3600,84841334
2016-11-25,40.7400,41.7000,40.7300,41.5300,41747211
2016-11-18,41.1300,41.6500,40.8500,40.9100,77492555
2016-11-11,42.0400,42.9800,40.6300,41.0300,94085046
2016-11-04,42.1200,42.4250,41.6900,41.6900,63306285
2016-10-28,42.3200,43.0300,41.9000,42.2300,74741551
2016-10-21,41.7300,42.1700,41.5700,42.1300,63479237
2016-10-14,41.9200,41.9900,41.4000,41.6700,60998043
2016-10-07,42.3100,42.3400,41.5650,41.7300,52288081
2016-09-30,42.7100,42.7600,41.8500,42.3200,69484399
2016-09-23,42.1600,43.0100,42.0800,42.7400,47862584
2016-09-16,42.3600,43.2300,41.8800,42.1400,65316597
2016-09-09,43.7400,43.8000,42.2700,42.2700,50901514
2016-09-02,43.3400,43.8300,43.0800,43.6600,46966302
2016-08-26,43.9400,43.9800,43.3100,43.3200,50257808
2016-08-19,44.1000,44.3300,43.7400,43.9200,49834236
2016-08-12,43.4300,44.1900,43.2200,44.0300,46605902
2016-08-05,43.6900,43.8300,43.3100,43.4800,58935948
2016-07-29,45.8100,45.8300,43.1000,43.6300,92013926
2016-07-22,45.6900,45.8375,45.2550,45.8300,41160827
2016-07-15,45.3500,45.9400,45.1100,45.6300,46954630
2016-07-08,45.1600,45.6700,44.9150,45.3800,44109824
2016-07-01,43.6700,45.4100,43.3150,45.1200,72420623
2016-06-24,45.0900,45.3250,43.8200,43.9300,65027630
2016-06-17,45.4800,45.6700,44.3800,44.7900,62382525
2016-06-10,45.0900,46.0100,45.0800,45.9900,48438473
2016-06-03,44.9800,45.0500,44.2600,45.0400,47980074
2016-05-27,44.0700,44.9600,43.9400,44.7800,51995739
2016-05-20,45.1600,45.7300,43.9400,43.9500,62968127
2016-05-13,45.3200,45.8950,45.1700,45.3500,46680557
2016-05-06,44.5700,45.4900,44.5050,45.3200,49713260
2016-04-29,44.5000,44.9600,44.2500,44.8000,59093162
2016-04-22,46.1300,46.6200,42.8700,44.5400,128650751
2016-04-15,46.9000,47.1300,45.6800,46.1000,62957281
2016-04-08,46.8400,46.9800,46.1600,46.8700,51697697
2016-04-01,45.5600,46.8800,45.5100,46.8300,83091784
2016-03-24,45.4200,45.8700,45.1900,45.5800,43708481
2016-03-18,45.0400,45.9100,44.5500,45.6000,90209116
2016-03-11,43.9100,45.2600,43.8100,45.2000,91315644
2016-03-04,43.1700,44.1500,42.9200,44.1100,67065713
2016-02-26,43.7600,44.1800,43.1050,43.1400,72044784
2016-02-19,43.3200,43.7700,43.0200,43.7700,49027256
2016-02-12,42.1700,43.4900,41.9000,43.1100,90881074
2016-02-05,42.6000,43.1500,42.2600,42.4400,77118135
2016-01-29,42.2400,43.2600,41.8100,42.9200,76770262
2016-01-22,41.7700,42.2385,40.7500,42.0600,66153124
2016-01-15,41.5800,42.5700,40.9260,41.5000,91657877
2016-01-08,42.3400,42.6250,41.4100,41.5100,83306034
2015-12-31,43.4400,43.7800,42.8700,42.9600,28904640
2015-12-24,42.8200,43.7250,42.4600,43.5400,34853145
2015-12-18,42.3100,43.9100,41.9700,42.5000,99060315
2015-12-11,43.3100,43.4400,42.1400,42.2700,68508956
2015-12-04,43.1200,43.4810,42.3200,43.2900,71299584
2015-11-27,42.5500,43.6000,42.5300,43.1500,46686665
2015-11-20,41.4300,43.5800,41.3900,42.4300,80818693
2015-11-13,41.7000,42.2000,41.3400,41.3800,50570202
2015-11-06,42.3200,42.3900,41.6100,41.9600,57985610
2015-10-30,42.7600,42.9000,42.2100,42.3500,83405948
2015-10-23,41.9000,43.8500,41.7100,42.7900,105910775
2015-10-16,41.8300,42.2900,41.5400,42.0200,71568401
2015-10-09,40.4500,42.1200,40.4300,42.0200,70530527
2015-10-02,39.5200,40.4700,39.3300,40.3900,88116755
2015-09-25,39.0500,40.0800,38.5100,39.6200,78764889
2015-09-18,38.2200,39.6100,37.8500,38.9800,92962679
2015-09-11,38.8700,39.2100,37.8400,38.1300,55789071
2015-09-04,39.1300,39.4500,38.3750,38.5200,79193130
2015-08-28,37.9900,39.4700,36.5600,39.4500,132207218
2015-08-21,41.0300,41.5300,39.5100,39.5300,77522036
2015-08-14,41.8900,41.9928,40.8500,41.2500,50726421
2015-08-07,40.8500,42.2500,40.8400,41.7700,69780663
2015-07-31,40.2800,41.2200,40.1600,41.0800,54852254
2015-07-24,41.3500,41.5900,40.4100,40.4400,63632765
2015-07-17,40.5600,41.6000,40.4900,41.2500,60728718
2015-07-10,39.3200,40.5800,39.2200,40.3900,68536937
2015-07-02,39.8000,39.9800,39.1200,39.4900,50275300
2015-06-26,40.5100,40.8100,40.0000,40.0000,57050731
2015-06-19,39.8300,40.7400,39.5700,40.4000,77628418
2015-06-12,40.1000,40.5400,39.8400,39.9600,64605302
2015-06-05,41.3600,41.4050,40.0800,40.1000,58837814
2015-05-29,41.1200,41.3000,40.7400,40.9600,54068081
2015-05-22,41.4900,41.5900,41.0400,41.2100,52709203
2015-05-15,40.9800,41.6900,40.5200,41.5200,54121223
2015-05-08,40.8800,41.1700,40.3900,40.9800,58781532
2015-05-01,41.0000,41.1500,40.2800,40.9100,57107792
2015-04-24,40.4200,41.5700,40.4100,40.8900,88614375
2015-04-17,40.9700,40.9700,40.1040,40.3000,60364716
2015-04-10,40.7700,41.6100,40.5900,40.8800,60002046
2015-04-02,40.1100,40.9000,39.9400,40.6800,57809014
2015-03-27,40.6400,40.9850,39.9700,40.0800,85078301
2015-03-20,40.0000,40.7900,39.8000,40.6500,110803703
2015-03-13,41.5300,41.5500,39.6100,39.9100,78437392
2015-03-06,43.1200,43.2800,41.3300,41.5200,67205673
2015-02-27,41.7100,43.6600,41.6900,43.3000,77594581
2015-02-20,41.8100,42.2400,41.4700,41.9700,55153914
2015-02-13,41.3800,43.0300,41.0400,41.9900,90660310
2015-02-06,41.2100,42.0900,40.9000,41.4500,68231800
2015-01-30,43.1800,43.2300,41.1100,41.1700,73554865
2015-01-23,42.7000,43.8300,42.6100,43.3100,54788646
2015-01-16,43.0700,43.2400,42.0700,42.5300,63821282
2015-01-09,42.6900,43.5700,42.0800,43.0300,90972735
2015-01-02,42.8000,43.0600,41.8000,42.1400,37207033
2014-12-26,42.1400,43.3000,42.0900,42.9600,37474719
2014-12-19,41.1300,42.7900,39.8000,41.9500,109117163
2014-12-12,43.5100,43.6300,40.8700,40.9100,91446294
2014-12-05,44.1800,44.7650,43.2000,43.5300,61531939
2014-11-28,44.5100,45.0000,43.9700,44.8300,43334513
2014-11-21,42.7500,44.7400,42.7300,44.5000,90055734
2014-11-14,42.2500,43.0800,42.0900,42.7300,53365220
2014-11-07,41.7900,42.6200,41.5900,42.3200,67351724
2014-10-31,40.7000,41.8900,40.5100,41.8800,98424530
2014-10-24,42.7500,43.4672,40.1000,41.0300,138068919
2014-10-17,44.2800,44.6300,42.3100,42.8800,109955957
2014-10-10,43.0300,44.8700,42.9700,44.4700,122330984
2014-10-03,41.9000,43.0700,41.8800,43.0000,96147196
2014-09-26,41.8500,42.3400,41.7100,42.2000,56227281
2014-09-19,41.4500,42.3450,41.1800,42.0500,104332300
2014-09-12,41.6700,42.1900,41.3600,41.4600,71142100
2014-09-05,41.5200,42.1700,41.3100,41.8400,47986900
2014-08-29,41.3200,41.7500,41.1200,41.7200,31629127
2014-08-22,40.7900,41.6900,40.7900,41.1200,55130000
2014-08-15,39.5200,41.1500,39.5200,40.8800,67170200
2014-08-08,39.3500,40.0100,39.1000,39.4500,61341114
2014-08-01,40.9900,41.0000,39.1100,39.2900,61936658
2014-07-25,42.1200,42.5700,40.6100,41.0000,85510800
2014-07-18,41.9900,42.4700,41.8300,42.4300,61986900
2014-07-11,41.9600,42.2900,41.5500,41.9700,51311500
2014-07-03,41.9800,42.4900,41.8200,42.2300,39811200
2014-06-27,41.4600,42.2900,41.3300,42.1900,81261600
2014-06-20,40.1900,41.8750,40.1500,41.6900,95000800
2014-06-13,40.8500,41.1500,40.2500,40.3700,46911800
2014-06-06,40.7500,41.0600,40.6300,40.9900,44722200
2014-05-30,40.5600,40.9250,40.4800,40.9100,39132800
2014-05-23,40.6000,40.9300,40.4200,40.5800,40491900
2014-05-16,40.8800,41.2200,40.4400,40.8900,56724800
2014-05-09,40.6500,40.9700,40.4500,40.8700,47694100
2014-05-02,40.8200,41.2800,40.2600,40.9500,81609900
2014-04-25,40.4700,41.0100,40.3500,41.0100,70312300
2014-04-17,38.7100,40.7200,38.4000,40.7200,107386000
2014-04-11,38.2700,39.4000,38.2600,38.6300,83206900
2014-04-04,38.9900,39.0300,38.0400,38.2200,94282200
2014-03-28,38.4800,39.0300,38.2050,38.9500,72961000
2014-03-21,38.1700,38.8300,37.9500,38.4400,89382700
2014-03-14,38.5500,38.8400,37.8800,38.1700,77016600
2014-03-07,37.8800,38.6100,37.8500,38.5500,85223600
2014-02-28,37.3000,38.3851,37.2200,38.2000,99450700
2014-02-21,37.9800,38.1100,36.8900,37.1800,114803300
2014-02-14,38.0700,39.0200,37.8400,38.9300,73337600
2014-02-07,38.0200,38.9400,37.1000,37.9500,97640300
2014-01-31,38.8200,39.0750,37.7200,37.8200,77140500
2014-01-24,39.6400,40.0900,38.8200,38.8400,58756300
2014-01-17,40.0000,40.1300,39.2800,39.2800,64793700
2014-01-10,40.4800,40.7208,39.5200,40.1300,65608400
2014-01-03,40.7700,41.3870,40.3500,40.4600,45758700
2013-12-27,40.1000,40.7900,39.8700,40.6600,31077500
2013-12-20,39.4600,40.1900,38.8700,40.0400,93131300
2013-12-13,40.4000,40.5000,39.1800,39.2300,77023500
2013-12-06,40.1000,40.5000,39.7500,40.4600,77255500
2013-11-29,40.4800,40.8750,39.6900,40.1900,46849700
2013-11-22,40.2400,40.4950,39.9190,40.4300,87752000
2013-11-15,40.0100,40.4400,39.6150,40.2200,54756200
2013-11-08,39.7100,40.2500,39.2200,40.0500,66161900
2013-11-01,39.0200,39.9600,38.9900,39.6100,70395600
2013-10-25,38.9500,39.3700,38.6000,39.0300,74206700
2013-10-18,37.5600,38.7800,37.5100,38.7800,88671400
2013-10-11,37.0800,37.9200,36.8300,37.7700,87620100
2013-10-04,38.1900,38.2956,36.9100,37.2000,88617100
2013-09-27,39.1600,39.1900,38.1450,38.4000,69096300
2013-09-20,39.0300,39.6700,38.5800,39.4000,89190700
2013-09-13,38.5200,38.7800,38.2700,38.6900,58097000
2013-09-06,38.2700,38.7300,37.8000,38.3500,66474500
2013-08-30,38.6000,38.6000,37.8000,38.1800,77240600
2013-08-23,39.0500,39.1400,38.1000,38.5200,59560900
2013-08-16,40.0400,40.1000,38.7100,39.0500,76098800
2013-08-09,40.1800,40.4700,40.0200,40.1600,46383300
2013-08-02,40.6100,40.7500,39.9150,40.2200,71976200
2013-07-26,41.0800,41.1400,40.0100,40.6400,50763900
2013-07-19,41.0500,41.2500,39.5000,41.0900,84617000
2013-07-12,40.6500,41.1500,40.4200,41.0300,34246607
2013-07-05,40.5000,40.9200,40.0300,40.5200,38669600
2013-06-28,39.4500,40.8800,39.1300,40.1100,71006500
2013-06-21,40.5400,41.4400,38.9700,39.7600,86076400
2013-06-14,41.5000,41.5200,39.6800,40.3400,70846400
2013-06-07,39.9500,41.7299,39.6300,41.4100,77878700
2013-05-31,42.6000,43.0500,39.9900,39.9900,78457600
2013-05-24,42.9500,42.9500,41.5000,42.2400,55206700
2013-05-17,42.1400,43.4300,42.0000,42.9700,59562300
2013-05-10,42.2900,42.7100,41.8500,42.1500,55818400
2013-05-03,42.2400,42.5600,41.4900,42.2400,63921300
2013-04-26,42.5200,42.9600,42.0800,42.1000,58485400
2013-04-19,40.8500,42.7700,40.0500,42.6600,102304300
2013-04-12,40.0600,41.4100,39.7700,41.0800,74874900
2013-04-05,40.3900,40.9000,40.0100,40.0800,57364300
2013-03-28,40.1100,40.7000,39.9600,40.4400,58172000
2013-03-22,38.6100,40.4300,38.5700,40.0400,85135900
2013-03-15,39.2000,39.3800,38.5500,38.8300,70289000
2013-03-08,38.6000,39.4150,38.4500,39.2200,61107400
2013-03-01,38.5600,38.9700,37.7200,38.7000,78645700
2013-02-22,37.5100,38.5200,37.4143,38.5200,62037800
2013-02-15,38.7100,38.8300,36.5400,37.4200,110757100
2013-02-08,37.4800,39.0600,37.3000,38.7700,75290600
2013-02-01,37.0700,37.7100,36.8600,37.5400,69213400
2013-01-25,37.7400,37.7400,36.9100,37.0500,62119200
2013-01-18,36.9500,37.7100,36.8000,37.7000,59069000
2013-01-11,37.5200,37.5200,36.5200,36.9100,70746700
2013-01-04,35.8800,37.8700,35.5800,37.6600,69193000
2012-12-28,36.7200,36.8000,35.9500,35.9700,40267900
2012-12-21,37.7900,37.8200,36.5300,36.8900,97658000
2012-12-14,37.7000,37.9900,37.5000,37.6600,57199200
2012-12-07,37.9000,37.9352,37.0800,37.7100,58849900
2012-11-30,37.5800,37.9800,36.8000,37.9200,65410200
2012-11-23,36.8500,37.9500,36.8100,37.9300,40351600
2012-11-16,36.2900,36.6500,35.8600,36.5600,69051600
2012-11-09,36.9500,37.4800,36.0500,36.2900,64775000
2012-11-02,37.1600,37.6500,36.9200,37.0800,33503300
2012-10-26,37.3700,37.4800,36.5400,37.0400,62513600
2012-10-19,38.0900,38.2500,37.4000,37.4000,97974300
2012-10-12,38.5400,38.8300,38.0200,38.2300,59171300
2012-10-05,38.1600,38.6900,38.1100,38.5800,62526900
2012-09-28,37.8100,38.3500,37.6600,37.9300,96775900
2012-09-21,38.1600,39.0000,37.8800,38.0300,200165400
2012-09-14,37.9600,38.5500,37.5100,38.1200,98244900
2012-09-07,37.5200,38.5000,37.1100,37.9000,74375700
2012-08-31,38.5600,38.5600,37.1300,37.4000,86925700
2012-08-24,39.5400,39.6900,38.0200,38.4700,55311100
2012-08-17,39.3100,39.7300,39.0500,39.5300,42347900
2012-08-10,81.0100,81.2500,78.6100,78.7900,40456700
2012-08-03,79.7700,81.3300,79.5200,80.8300,35231700
2012-07-27,76.5500,80.2400,76.1000,80.0100,31045800
2012-07-20,77.1000,78.6600,76.2000,77.0300,43561800
2012-07-13,78.0600,78.5400,76.3400,77.2800,33128000
2012-07-06,78.1000,79.3600,77.8400,78.1500,20633800
2012-06-29,74.4600,78.1900,74.1700,78.1900,32324500
2012-06-22,75.9600,76.4200,74.6200,74.9400,32168100
2012-06-15,75.7200,76.2000,74.3400,76.0900,32819400
2012-06-08,73.0300,75.3700,72.5600,75.2400,32052900
2012-06-01,75.7300,75.7300,73.0100,73.0900,30204700
2012-05-25,74.2100,75.8500,73.8200,75.2300,37976800
2012-05-18,77.1200,77.2500,73.4700,74.0500,51918900
2012-05-11,76.9700,77.7400,76.4900,77.4700,28430500
2012-05-04,76.4200,77.6400,75.9300,77.0000,42845000
2012-04-27,73.9800,77.8200,73.3300,76.6300,40620600
2012-04-20,72.2200,74.4800,72.1400,74.1300,36367000
2012-04-13,72.9600,73.1100,71.8200,71.9400,30145100
2012-04-05,73.8300,74.2000,73.0700,73.4700,25793500
2012-03-30,71.7400,74.3900,71.5900,74.0100,58423400
2012-03-23,70.2100,71.6000,69.9300,71.4900,35581500
2012-03-16,69.4800,70.6200,69.3400,70.1600,45009900
2012-03-09,69.0200,69.7400,68.5000,69.5100,52465500
2012-03-02,68.6900,69.9800,68.5200,69.1800,35944800
2012-02-24,68.8800,69.5000,68.5000,69.0000,25398300
2012-02-17,68.4200,69.2500,68.0850,69.0500,32528800
2012-02-10,67.8400,69.4500,67.4200,67.9400,41295200
2012-02-03,67.2900,68.4900,67.0300,68.0800,34377900
2012-01-27,68.0000,68.6200,67.2300,67.4400,37288200
2012-01-20,67.7400,68.1200,67.1800,68.0900,30781300
2012-01-13,69.0000,69.5200,66.5650,66.9900,41072300
2012-01-06,70.1500,70.7100,68.6200,68.9300,28906500
2011-12-30,69.8100,70.2900,69.4000,69.9700,17452900
2011-12-23,67.4600,69.9700,67.2200,69.9400,35632700
2011-12-16,67.2600,67.7200,66.0660,67.4400,40425200
2011-12-09,66.9400,67.7500,65.8800,67.5700,42967600
2011-12-02,65.2600,67.9600,64.7500,66.3800,52437100
2011-11-25,66.6900,66.8800,64.7400,64.7400,26019000
2011-11-18,67.7900,68.4500,66.1000,67.3900,37791600
2011-11-11,67.6600,68.7200,66.8600,68.1200,35952400
2011-11-04,68.6500,69.0500,66.7800,67.7800,44880300
2011-10-28,68.4000,69.0900,66.4100,68.9300,43945300
2011-10-21,67.8200,68.3200,66.4000,68.1900,47871500
2011-10-14,66.5600,68.2000,66.0100,67.8500,33738700
2011-10-07,66.5900,66.9200,63.3400,65.9000,68186100
2011-09-30,68.0100,70.4100,67.5600,67.5600,55844400
2011-09-23,70.0700,71.4800,66.6200,67.4200,65520500
2011-09-16,68.8200,71.6800,68.2000,71.2300,64311300
2011-09-09,67.4300,71.7700,67.3900,69.3700,52415400
2011-09-02,68.9600,71.1000,68.8700,69.7400,56360700
2011-08-26,68.0100,69.7100,66.7000,68.5000,54124500
2011-08-19,67.4700,69.3500,66.8600,67.1000,68859300
2011-08-12,66.1800,67.7500,63.5900,67.1400,95089700
2011-08-05,68.5000,68.5600,65.0400,66.7700,70054600
2011-07-29,69.1200,69.5600,67.9000,68.0100,39739400
2011-07-22,67.2600,69.8200,66.5900,69.7300,51725500
2011-07-15,67.7500,68.4400,67.2800,67.5300,37343300
2011-07-08,68.0800,68.8900,68.0800,68.6800,25691100
2011-07-01,64.8500,68.0900,64.8500,68.0900,38413500
2011-06-24,65.3700,66.8200,64.4300,64.9300,49799800
2011-06-17,65.1000,66.2300,64.6400,65.6200,43180600
2011-06-10,65.5100,66.3200,65.0700,65.3900,30417800
2011-06-03,66.9400,67.2400,65.2129,65.5300,31189500
2011-05-27,67.5900,67.9000,66.3000,66.5100,30606500
2011-05-20,68.1000,68.7000,67.5000,68.3000,32494900
2011-05-13,66.8600,68.7700,66.8300,68.1800,32159900
2011-05-06,67.7600,67.9300,66.4000,66.9000,33917200
2011-04-29,67.9500,67.9800,65.8100,67.4600,44645200
2011-04-21,67.5700,68.1700,66.6450,67.8800,25286500
2011-04-15,67.2599,68.4700,66.4100,68.0100,40580300
2011-04-08,67.2200,67.8200,66.8600,67.2700,31996000
2011-04-01,65.2000,67.4800,65.0300,67.2200,39219600
2011-03-25,63.1300,65.3900,63.0500,65.2200,29829600
2011-03-18,64.3400,64.6100,61.2900,62.7000,59481400
2011-03-11,65.3200,65.8400,64.4700,64.8100,44467500
2011-03-04,64.1700,65.8750,63.8600,65.2100,61643300
2011-02-25,63.3600,64.4000,63.3300,64.3100,32317400
2011-02-18,63.6700,64.7200,62.5500,64.5500,42253800
2011-02-11,62.6700,64.7500,62.3200,63.5700,46249800
2011-02-04,62.3200,63.4800,61.8900,62.5600,34856500
2011-01-28,62.8700,63.3100,62.1400,62.2100,42139200
2011-01-21,63.2100,63.9200,62.7200,62.7700,35979500
2011-01-14,62.7000,63.8600,62.5600,63.1300,37605400
2011-01-07,65.8800,65.8800,62.5600,62.9200,59785100
2010-12-31,65.5500,65.8000,65.0600,65.7700,24295900
2010-12-23,65.4600,65.8800,65.0300,65.5800,32737500
2010-12-17,64.3900,65.7500,63.7000,65.7000,65461600
2010-12-10,64.3700,64.9100,63.9900,64.6500,48847300
2010-12-03,63.5500,64.9650,62.8700,64.5000,55175700
2010-11-26,64.0600,64.6300,63.2800,64.1100,38226300
2010-11-19,62.8900,64.3300,61.8200,64.3200,72759200
2010-11-12,62.5000,62.9600,62.3000,62.9200,41035000
2010-11-05,61.3700,62.6500,61.2100,62.5800,45190500
2010-10-29,61.2900,61.7500,60.3000,61.3200,43266500
2010-10-22,59.8100,61.7500,59.8000,61.6100,59956800
2010-10-15,59.5600,59.9800,59.3300,59.9400,43680800
2010-10-08,58.9300,59.8100,58.5500,59.4100,38430200
2010-10-01,58.7500,59.2400,58.2500,59.1200,39237200
2010-09-24,57.6200,58.8000,57.5500,58.6200,35250100
2010-09-17,58.4800,58.5000,57.2200,57.5600,46476200
2010-09-10,57.5200,58.6400,57.4000,58.5200,34661600
2010-09-03,56.2000,57.6000,55.0000,57.5600,41260200
2010-08-27,55.5100,56.2000,54.9700,56.1600,44971600
2010-08-20,55.5100,56.4200,54.9200,55.3000,43340200
2010-08-13,56.3700,57.4000,55.3500,55.7300,46049300
2010-08-06,55.8200,56.7900,55.6500,56.7500,46341700
2010-07-30,54.8300,55.3050,54.4300,55.1100,39565600
2010-07-23,52.5400,54.8300,51.9200,54.7500,52069900
2010-07-16,52.1600,53.0800,51.9500,52.3700,35702000
2010-07-09,50.5900,52.4900,50.0200,52.4000,38164400
2010-07-02,50.7300,51.3800,49.4700,50.0500,55631400
2010-06-25,52.8200,53.0800,50.2600,50.2600,67620200
2010-06-18,51.9400,52.7300,51.4600,52.3100,47977900
2010-06-11,51.2300,52.5000,50.5200,51.6500,46994700
2010-06-04,51.1200,53.0000,50.7300,51.2700,45262100
2010-05-28,51.2100,51.9494,49.9400,51.4000,62187400
2010-05-21,53.4800,53.7200,50.3000,51.5900,61236000
2010-05-14,53.8500,54.1000,52.8600,53.3400,63835000
2010-05-07,53.7100,54.2000,51.2100,52.6700,77262100
2010-04-30,54.0000,54.3500,52.5600,53.4500,53516500
2010-04-23,54.9800,55.3200,53.7400,53.8800,60105800
2010-04-16,54.6500,55.1400,54.1300,54.9700,50638600
2010-04-09,55.5600,55.5600,53.4400,54.5900,50482100
2010-04-01,54.8000,55.4300,54.5000,55.3000,32376600
2010-03-26,54.4900,55.3600,54.4000,54.6500,43588400
2010-03-19,53.7300,55.0600,53.3700,54.7500,69671600
2010-03-12,54.7200,54.8700,53.0000,53.3500,57512700
2010-03-05,53.2200,55.0400,52.7900,54.7000,71876000
2010-02-26,55.8000,55.8600,52.2300,52.7200,84768900
2010-02-19,54.5100,55.9200,53.9300,55.7200,36306700
2010-02-12,53.2700,54.9800,52.5700,53.9800,58950500
2010-02-05,54.5100,55.2100,52.5300,53.0900,48966700
2010-01-29,54.4900,54.9400,53.7000,54.2500,47917500
2010-01-22,56.2200,56.4900,53.9800,54.2400,42186900
2010-01-15,55.1500,57.4301,54.8000,56.2900,53461500
2010-01-08,57.1600,57.2200,54.7500,55.1500,49127200
2009-12-31,57.4100,57.9700,56.9300,57.0000,18852300
2009-12-24,57.0200,57.6100,56.9000,57.4400,21739900
2009-12-18,59.1100,59.4500,56.3100,56.9200,57392400
2009-12-11,56.9600,59.4000,56.7000,59.1100,57840900
2009-12-04,57.2900,58.2550,56.8000,57.4900,46506500
2009-11-27,57.7100,58.4300,56.4000,57.1800,31589900
2009-11-20,56.6500,57.6900,56.0400,57.4800,40844300
2009-11-13,54.5900,56.7000,54.1700,56.4600,44110700
2009-11-06,53.5100,54.5000,52.7700,54.4900,38009500
2009-10-30,53.0800,54.3000,52.7100,53.3100,44469600
2009-10-23,55.1400,55.5000,53.1150,53.2400,51048600
2009-10-16,54.8300,55.2500,54.3500,55.0100,45182400
2009-10-09,53.8100,55.2800,53.3000,54.6500,42642300
2009-10-02,53.0300,54.0800,52.6000,53.8700,57015200
2009-09-25,53.4800,53.7600,52.1700,52.9700,55496200
2009-09-18,51.0800,54.1200,50.9100,53.7600,119259900
2009-09-11,49.9400,51.7400,49.7200,51.5100,51385900
2009-09-04,48.8400,50.3000,48.3800,49.9500,62197900
2009-08-28,49.8000,49.8000,48.6900,49.0600,42181300
2009-08-21,48.4400,49.9800,48.1200,49.9100,39145300
2009-08-14,49.2600,49.4800,47.4200,48.4700,46135000
2009-08-07,50.0300,50.1500,49.0000,49.3400,39071600
2009-07-31,49.3600,50.5000,49.0000,49.8400,43360500
2009-07-24,50.6100,51.0300,48.8400,49.3600,59762600
2009-07-17,48.3800,50.8800,48.1000,50.3200,45865500
2009-07-10,48.6800,49.1700,48.0200,48.3100,44074000
2009-07-02,48.1400,49.5950,47.8100,48.9000,47692800
2009-06-26,48.5200,48.8100,47.1800,48.1300,52347200
2009-06-19,48.6100,49.8900,47.8200,48.8100,52511500
2009-06-12,49.2300,49.6300,48.0500,48.8900,51099900
2009-06-05,49.2500,49.9400,48.7100,49.4400,72258400
2009-05-29,47.0000,49.1600,46.3600,49.1600,56113300
2009-05-22,45.1400,47.7100,44.6800,47.3000,73336700
2009-05-15,42.7300,45.1700,42.5400,44.9600,73950000
2009-05-08,42.6000,43.7500,42.2300,42.9200,59943700
2009-05-01,42.4200,44.0700,42.0000,42.4700,59768500
2009-04-24,44.8500,45.0000,42.5700,42.7900,75754200
2009-04-17,44.9500,45.5100,43.8100,45.0200,43024900
2009-04-09,44.7000,45.7300,44.4600,44.9900,30774400
2009-04-03,44.5000,45.8250,43.4300,44.9700,55405100
2009-03-27,43.1600,45.2000,43.0000,45.1000,61888500
2009-03-20,41.4600,43.1400,40.8200,42.6400,66672400
2009-03-13,39.4800,41.4500,38.6500,41.2200,73716600
2009-03-06,40.2900,40.7200,37.4400,39.1000,85907000
2009-02-27,43.0200,43.2800,40.4500,40.8500,66404400
2009-02-20,43.0000,43.7200,42.2500,42.8400,47257800
2009-02-13,43.3200,44.4500,40.2800,43.8500,85188200
2009-02-06,42.2900,43.6900,41.5300,43.5500,46533000
2009-01-30,42.6200,44.4900,42.1200,42.7200,53731500
2009-01-23,43.7800,44.5000,41.5600,42.2000,53438800
2009-01-16,44.4600,44.6700,42.2700,43.8400,63270300
2009-01-09,45.5700,45.9700,44.2200,44.6000,51507700
2009-01-02,44.8600,46.0000,43.7220,45.9000,30929300
2008-12-26,44.7300,45.1300,43.8600,44.5800,28748100
2008-12-19,44.8800,46.7900,43.8400,44.4300,81755800
2008-12-12,46.4900,47.0600,43.0000,44.5700,73324300
2008-12-05,46.1900,46.5700,42.9400,45.9800,77026400
2008-11-28,44.4900,46.9100,43.7000,46.8700,51503000
2008-11-21,44.6200,44.9300,40.5000,44.0000,97174300
2008-11-14,46.8700,47.2900,42.8100,45.0200,78002700
2008-11-07,44.5100,46.9900,43.8600,46.2500,64515400
2008-10-31,41.1500,46.0000,41.0000,44.0600,76581600
2008-10-24,45.0900,47.1300,41.0000,41.6100,89355000
2008-10-17,43.4300,47.5300,42.1300,44.2000,129749700
2008-10-10,51.3400,52.2900,40.2900,41.5000,125001800
2008-10-03,52.0800,55.0000,50.4100,52.5700,80842800
2008-09-26,52.5100,52.6600,49.8700,52.4800,62236700
2008-09-19,53.7600,55.7700,50.1200,52.7200,95341200
2008-09-12,52.7200,54.5800,52.3000,54.5000,62076400
2008-09-05,52.2200,52.9600,51.2000,51.9300,46177900
2008-08-29,54.1400,54.5900,52.0400,52.0700,37044100
2008-08-22,55.0700,55.3600,53.2200,54.3700,37609200
2008-08-15,55.1400,55.8400,54.1200,55.0600,44607500
2008-08-08,53.1200,55.5300,52.9000,55.4100,53864600
2008-08-01,52.0000,53.2200,51.0000,53.1400,52072300
2008-07-25,50.1000,52.8900,49.4400,52.0600,64460600
2008-07-18,50.5400,52.6000,49.6500,50.0300,103238500
2008-07-11,51.6700,51.7800,49.5200,50.2700,65252600
2008-07-03,51.8600,52.9000,50.8700,51.4800,56446200
2008-06-27,53.8500,54.6200,51.8300,51.8400,64847000
2008-06-20,55.4200,55.5200,52.9300,53.6600,74292400
2008-06-13,56.1200,58.6000,53.9200,55.4200,78145600
2008-06-06,57.0500,57.3700,55.7400,55.8000,46791000
2008-05-30,58.5500,58.8400,57.0200,57.2600,45598300
2008-05-23,57.1000,59.0400,56.4500,58.6300,59490900
2008-05-16,56.1800,57.4000,56.0000,57.0700,46658300
2008-05-09,58.7700,58.9800,55.8300,56.1500,53105400
2008-05-02,59.3300,59.9000,58.3700,58.7700,42986400
2008-04-25,59.9200,61.0000,58.9600,59.3300,40164500
2008-04-18,60.3900,61.8400,59.6500,60.1100,52751500
2008-04-11,60.4900,61.5000,59.8700,60.2900,39770700
2008-04-04,60.6400,61.5000,60.2000,60.2500,47010300
2008-03-28,61.2500,61.9000,60.5400,60.9400,38192800
2008-03-20,56.9000,61.1400,56.7500,61.0400,47141100
2008-03-14,58.9000,59.6800,57.1300,57.5300,53012100
2008-03-07,59.0218,60.0000,58.3500,58.8500,36551100
2008-02-29,58.2000,60.4100,58.1800,58.4600,42018400
2008-02-22,58.9600,59.0500,57.3900,58.2600,32141800
2008-02-15,59.3500,60.5000,58.0100,58.7600,56149200
2008-02-08,59.3800,59.7800,57.3100,59.2500,50188400
2008-02-01,58.2600,59.9700,57.2400,59.2600,54401900
2008-01-25,58.6500,60.3400,56.4900,58.4100,63127100
2008-01-18,63.7500,64.5200,60.1600,60.7400,71148000
2008-01-11,62.1000,65.5900,61.9000,63.7700,70853400
2008-01-04,62.0600,62.7100,60.7300,61.8500,29556500
2007-12-28,63.0400,63.4500,62.0000,62.2700,15077200
2007-12-21,63.9000,64.1500,61.8800,63.0700,51205900
2007-12-14,63.1500,64.3200,62.8800,63.8100,40245000
2007-12-07,62.0100,63.7500,61.5100,63.1500,38925500
2007-11-30,62.3500,63.3100,61.6000,62.1000,50011800
2007-11-23,62.5000,63.4450,61.9200,62.3000,32989800
2007-11-16,60.6400,62.7200,59.6500,62.6200,45616800
2007-11-09,60.5000,61.7500,59.9000,60.8300,45949400
2007-11-02,61.5000,62.1500,60.0100,60.5100,42258700
2007-10-26,58.5400,61.5900,58.3900,61.5700,42144600
2007-10-19,58.0900,59.7500,57.1600,58.7600,52894700
2007-10-12,57.9600,58.2000,56.9200,57.8000,29445400
2007-10-05,57.6100,58.3300,57.3700,58.0700,36271800
2007-09-28,56.5100,57.7800,56.5100,57.4700,39107400
2007-09-21,56.0000,56.8600,55.0400,56.5500,46365000
2007-09-14,54.6000,56.5600,54.2900,56.4000,46227700
2007-09-07,53.6700,55.0400,53.2000,54.5900,37192200
2007-08-31,53.9800,54.1500,53.0800,53.7800,35321200
2007-08-24,54.3800,54.8800,53.6200,54.0000,37739100
2007-08-17,54.9900,56.8500,52.8300,54.4500,58529100
2007-08-10,53.1500,56.7100,53.1500,54.9800,67561600
2007-08-03,53.0600,54.2500,51.7900,53.2800,53091000
2007-07-27,53.3300,54.2200,52.2200,52.2800,55890200
2007-07-20,53.4000,54.4900,52.8100,53.2100,65964800
2007-07-13,52.7300,53.2600,51.8000,53.1100,43004700
2007-07-06,52.6500,53.0000,52.3000,52.6000,24946200
2007-06-29,51.6700,52.9500,51.5000,52.3100,48530300
2007-06-22,51.5800,52.2600,51.1100,51.6200,50725800
2007-06-15,51.6700,52.1400,51.0600,51.5800,54482700
2007-06-08,52.7600,52.8000,51.0300,51.6700,41521000
2007-06-01,52.0300,53.4600,51.9100,52.8000,42162400
2007-05-25,52.6300,52.8200,51.1500,51.8900,48451100
2007-05-18,52.5400,52.9900,52.0900,52.6300,53188200
2007-05-11,53.2100,53.6500,52.1700,52.6900,34238600
2007-05-04,51.9200,53.3200,51.8500,53.2100,47886300
2007-04-27,52.0900,52.2300,51.3700,52.0600,40516400
2007-04-20,50.0100,52.1800,49.9300,52.0900,66662300
2007-04-13,49.4900,50.3100,48.6500,49.8800,47333100
2007-04-05,48.2000,49.7700,48.0500,49.5200,40819400
2007-03-30,47.9500,48.5000,46.8500,48.0000,43579500
2007-03-23,47.3400,48.4400,47.0400,48.0500,43414800
2007-03-16,47.5700,47.9900,46.5900,47.2100,69025500
2007-03-09,45.9000,47.6700,45.7700,47.5700,62270800
2007-03-02,47.7000,47.9000,45.5600,45.8900,69024700
2007-02-23,47.5200,47.8800,47.2200,47.3000,36851800
2007-02-16,47.8500,48.5500,47.5800,47.8700,51435600
2007-02-09,48.1100,48.2400,47.6400,47.7600,24254500
2007-02-02,47.7600,48.4100,47.4900,48.2400,25385200
2007-01-26,48.1100,48.3500,47.8000,47.8300,29522500
2007-01-19,48.4800,49.0000,48.0700,48.2600,27658300
2007-01-12,48.1700,48.8700,48.0100,48.5500,32439900
2007-01-05,48.3700,48.8800,48.1700,48.2600,19585400
2006-12-29,48.4100,48.8100,48.1900,48.2500,17563900
2006-12-22,48.8500,49.1000,48.2500,48.3800,30132300
2006-12-15,48.8500,49.3500,48.3800,48.9300,43479800
2006-12-08,46.7300,48.9800,46.5400,48.9100,55269900
2006-12-01,46.8600,47.0100,46.2300,46.5700,42556200
2006-11-24,47.1100,47.3600,46.8200,46.9200,18136700
2006-11-17,46.4100,47.3700,46.1600,47.2600,41765900
2006-11-10,46.5000,47.0100,46.2800,46.4700,37901200
2006-11-03,46.9700,47.1900,46.4000,46.5000,30509700
2006-10-27,46.7500,47.5000,46.7000,46.8700,47250400
2006-10-20,44.1500,47.1200,43.7200,46.7500,69951400
2006-10-13,44.5500,44.6600,43.8600,44.0200,39633200
2006-10-06,44.9000,44.9500,43.7900,44.7600,24751800
2006-09-29,44.1700,44.9900,44.0100,44.6800,26739700
2006-09-22,44.5200,44.7900,43.9400,43.9900,23665500
2006-09-15,44.5500,44.9700,44.3000,44.6000,26868900
2006-09-08,45.0100,45.0700,44.3200,44.6000,20714800
2006-09-01,44.5200,45.4000,44.3500,45.0700,25148300
2006-08-25,44.3500,44.6200,44.0800,44.5200,19629700
2006-08-18,43.9900,44.4600,43.7600,44.3100,23674800
2006-08-11,43.8100,44.1800,43.4800,43.7600,20009600
2006-08-04,44.5200,44.7900,43.7500,43.8500,26105500
2006-07-28,43.8700,44.6700,43.7200,44.5200,32363400
2006-07-21,42.5600,44.3200,42.5400,43.9000,40169600
2006-07-14,43.3000,44.0800,42.3700,42.6500,30030100
2006-07-07,43.2000,43.5900,42.8400,43.1800,16916700
2006-06-30,42.7300,43.4900,42.2700,43.0200,34402800
2006-06-23,43.2100,43.3300,42.6200,42.7500,23959600
2006-06-16,43.6700,43.6800,42.4900,43.2100,37953000
2006-06-09,43.7900,43.8800,43.0500,43.6800,38306400
2006-06-02,44.2100,44.3200,43.5600,43.8900,26672900
2006-05-26,43.6400,44.7600,43.3800,44.4900,38168600
2006-05-19,43.1900,44.2000,43.0500,43.6500,43427000
2006-05-12,42.8500,43.7600,42.8200,43.1800,43963800
2006-05-05,41.9600,42.8900,41.8000,42.7100,35195000
2006-04-28,41.6900,42.1400,41.2500,41.9600,30995800
2006-04-21,41.3000,42.2400,40.8600,41.8500,31417000
2006-04-13,41.3500,42.0100,40.9000,41.2600,18925200
2006-04-07,42.1000,42.2300,41.3100,41.3500,28289900
2006-03-31,42.5600,42.6500,41.8100,41.8700,28536800
2006-03-24,42.8200,42.9900,42.2000,42.6600,32367900
2006-03-17,42.6100,42.8700,42.4050,42.7900,34201300
2006-03-10,41.7700,42.9300,41.7000,42.7700,32363500
2006-03-03,42.2800,42.5800,41.5700,41.8000,31275300
2006-02-24,41.7900,42.3400,41.6000,42.2300,26414600
2006-02-17,41.1700,41.9000,40.6300,41.7900,34154300
2006-02-10,40.8300,41.4800,40.6100,41.1600,40043300
2006-02-03,41.8500,41.9600,40.5200,40.8800,31615700
2006-01-27,40.0000,41.9900,40.0000,41.9700,35514600
2006-01-20,41.0800,41.2800,39.3600,40.0900,27179700
2006-01-13,41.4900,41.8100,41.0500,41.3100,32939100
2006-01-06,40.7900,41.5600,40.3500,41.4100,33684900
2005-12-30,41.1000,41.3500,40.3100,40.3100,23458800
2005-12-23,41.1100,41.7600,41.0100,41.1500,26025300
2005-12-16,41.4300,41.7200,40.7700,41.2100,41236100
2005-12-09,42.7100,43.0300,41.2500,41.5100,35832900
2005-12-02,42.9500,43.2800,42.6100,42.8200,31438800
2005-11-25,42.3200,42.9200,42.0400,42.8000,20278300
2005-11-18,42.7200,42.7900,41.8700,42.2000,29208200
2005-11-11,42.3500,42.7600,42.0000,42.7600,23637200
2005-11-04,42.6000,42.9700,42.0300,42.3000,32239200
2005-10-28,42.1800,42.9700,42.0600,42.8300,27581300
2005-10-21,41.9500,42.9400,41.2800,41.9300,35779300
2005-10-14,42.1400,42.2900,41.5000,42.0700,30883200
2005-10-07,43.2100,43.6000,42.0400,42.2000,30834700
2005-09-30,42.5500,43.3900,42.0000,43.1900,31037000
2005-09-23,43.3500,43.5500,41.8500,42.3500,31665600
2005-09-16,43.9000,44.4000,43.2300,43.4000,41072100
2005-09-09,44.3500,44.7100,43.6800,44.0500,28198700
2005-09-02,43.3600,44.3100,43.1200,43.9000,26781100
2005-08-26,44.5600,44.7500,43.4150,43.5700,25046000
2005-08-19,43.5000,44.7100,43.1100,44.3900,31091700
2005-08-12,44.0500,44.4300,43.4000,43.5800,19977900
2005-08-05,43.9900,44.7000,43.6000,44.0600,25087600
2005-07-29,44.0800,44.6100,43.4400,43.7600,27624000
2005-07-22,43.0800,44.5700,42.9100,44.0300,35501300
2005-07-15,42.7000,43.3300,42.5400,43.0800,26194300
2005-07-08,42.4600,42.8500,41.3900,42.7300,23830500
2005-07-01,42.2500,43.3400,41.6700,42.2100,31425600
2005-06-24,43.8000,44.0500,42.1300,42.2000,24499600
2005-06-17,43.6000,44.2000,43.4000,44.0500,25162100
2005-06-10,44.0100,44.4700,43.4500,43.9500,22182200
2005-06-03,44.7700,44.9300,43.8500,44.2300,21535500
2005-05-27,44.9700,45.2000,44.7500,44.9300,19315800
2005-05-20,44.2100,45.2600,43.7300,45.0500,25982700
2005-05-13,44.2000,44.7500,43.7500,44.1100,22464800
2005-05-06,43.4900,44.5300,43.2400,44.1900,28047000
2005-04-29,42.4300,43.5000,42.1100,43.4400,33654200
2005-04-22,41.1200,42.9200,40.7400,42.1300,43643800
2005-04-15,42.2500,42.5700,41.1500,41.2900,32989500
2005-04-08,41.6000,42.4000,41.2500,42.1000,22421200
2005-04-01,41.4100,42.0100,41.0900,41.3800,28433100
2005-03-24,41.6200,41.8700,40.9100,41.2000,25265100
2005-03-18,42.6000,42.7500,41.4000,41.4600,37951000
2005-03-11,43.5400,43.8500,42.3000,42.4800,27635400
2005-03-04,42.8600,43.7700,42.6900,43.6400,27766600
2005-02-25,42.8000,43.1500,42.3700,43.0200,24314300
2005-02-18,42.9600,44.1500,42.2100,42.9600,39131000
2005-02-11,42.5900,43.1100,42.2600,42.7600,25614400
2005-02-04,41.7700,42.5100,41.1300,42.4700,31629200
2005-01-28,40.9500,42.0000,40.7500,41.4900,31815800
2005-01-21,40.7200,41.5400,40.6000,40.9100,22685800
2005-01-14,41.0700,41.5300,40.6100,40.9700,24877900
2005-01-07,41.9000,41.9700,40.5500,41.1600,31987300
2004-12-31,41.4600,41.9100,41.3000,41.6400,24683800
2004-12-23,41.2000,41.8000,40.8000,41.5100,24680100
2004-12-17,40.6000,41.5900,40.2400,40.9500,38124800
2004-12-10,40.7700,40.9200,40.0700,40.5300,30991300
2004-12-03,40.0000,41.2500,39.2100,40.7100,47866900
2004-11-26,39.9000,39.9400,39.3900,39.8600,24472400
2004-11-19,40.7000,41.0000,39.7100,39.7300,36477100
2004-11-12,41.5500,41.6000,39.3600,40.7900,45454700
2004-11-05,40.7000,41.7400,40.0000,41.4000,33798000
2004-10-29,39.0200,40.9000,38.3000,40.6600,39120000
2004-10-22,39.1000,40.2500,38.7500,38.9000,35393900
2004-10-15,40.1200,40.1600,39.0600,39.2000,28304200
2004-10-08,40.3500,41.1400,39.9100,40.0000,31762100
2004-10-01,39.2300,40.7700,39.2300,40.3100,36524800
2004-09-24,40.4000,40.9900,39.7300,39.9900,40265000
2004-09-17,42.8000,43.1900,39.9500,40.3000,82777800
2004-09-10,45.7000,45.8000,42.6700,42.9600,35079700
2004-09-03,44.5000,45.8800,44.0200,45.4900,19971700
2004-08-27,44.2400,44.8900,43.7100,44.7200,19644400
2004-08-20,44.5000,44.8200,43.5600,44.2100,23180100
2004-08-13,43.5000,44.6400,43.0600,44.3700,26880800
2004-08-06,43.7900,44.6000,43.2300,43.5000,35467600
2004-07-30,45.3500,45.4700,42.8000,43.8600,59556300
2004-07-23,50.6500,50.6900,44.1100,45.1700,42952900
2004-07-16,51.0200,51.3900,50.3100,50.5800,18056900
2004-07-09,50.4600,51.1300,50.1800,51.0200,14096100
2004-07-02,50.3500,51.1400,50.2000,50.5300,19935200
2004-06-25,51.3000,51.6800,50.1000,50.1000,17796100
2004-06-18,51.2300,51.8500,50.6900,51.3900,20389100
2004-06-10,52.2700,52.7500,51.2300,51.6300,19404700
2004-06-04,51.2700,52.4900,50.7200,52.2700,16977500
2004-05-28,49.6000,51.5000,49.4000,51.3500,24037800
2004-05-21,49.6300,50.4800,49.1700,49.3800,21810500
2004-05-14,50.5000,50.6000,49.2500,50.0000,24163700
2004-05-07,50.6500,51.5800,49.9000,50.7400,24618700
2004-04-30,51.0500,51.2300,49.7800,50.5700,26769800
2004-04-23,52.3000,53.5000,50.7000,51.0500,36947700
2004-04-16,51.0500,52.0500,50.5500,51.9300,25495000
2004-04-08,50.7500,51.5700,50.1400,51.2400,19366400
2004-04-02,49.3800,51.0600,49.1800,50.9300,26474500
2004-03-26,48.3500,49.1600,47.9500,48.7800,23437200
2004-03-19,48.6500,49.5000,47.5800,48.7800,29976000
2004-03-12,49.9800,50.6000,47.6800,48.4500,35513200
2004-03-05,49.7300,50.2500,48.5500,50.1000,35390000
2004-02-27,50.5500,51.1000,45.4700,49.9600,30117400
2004-02-20,51.3000,51.3800,50.1600,50.9400,19620100
2004-02-13,51.1000,52.7800,51.0500,51.1400,24743800
2004-02-06,49.0000,51.0000,48.9200,50.9900,22886700
2004-01-30,49.9000,50.5800,48.6500,49.2400,24144500
2004-01-23,49.7000,50.1500,49.0300,50.0400,19560200
2004-01-16,49.5000,50.2000,49.1800,49.8800,21974300
2004-01-09,50.3500,50.8100,49.5800,49.5900,25202400
2004-01-02,49.8900,50.9900,49.7700,50.3500,14202400
2003-12-26,50.0500,50.3500,49.7500,49.9600,11190700
2003-12-19,49.8100,50.9000,49.4100,50.1000,36880500
2003-12-12,46.7500,49.5300,46.6100,49.3700,29829100
2003-12-05,46.6500,47.6900,46.3900,46.8900,23333900
2003-11-28,46.3900,46.8800,46.1800,46.5000,12389600
2003-11-21,46.4600,46.9200,46.1200,46.4200,18572600
2003-11-14,46.4500,47.1700,46.2900,46.6900,15319800
2003-11-07,46.4000,47.0400,46.2000,46.6300,20203000
2003-10-31,45.4000,46.4000,44.7600,46.4000,23825400
2003-10-24,45.2000,45.9700,44.8400,45.4000,20363900
2003-10-17,44.0500,45.5200,43.8200,45.0500,28341500
2003-10-10,44.2000,44.7610,43.7100,43.8300,20187900
2003-10-03,43.0100,45.4400,42.6000,44.0400,25794300
2003-09-26,43.1800,43.6400,42.7000,43.0300,26080300
2003-09-19,43.9900,43.9900,42.5300,43.1800,30296400
2003-09-12,44.4000,45.2500,43.6900,43.9900,24188400
2003-09-05,43.4300,44.8000,43.0800,44.1500,22368100
2003-08-29,43.4500,44.5000,43.2800,43.5200,17657700
2003-08-22,45.0100,45.1000,43.2000,43.2800,19652400
2003-08-15,44.8000,45.1700,44.2000,45.0100,16327200
2003-08-08,44.5000,45.0800,43.8900,44.8500,19021400
2003-08-01,44.9200,46.2300,44.3500,44.7500,26728900
2003-07-25,45.0000,45.7600,43.8000,45.0400,22524500
2003-07-18,44.1500,44.9800,42.2800,44.9000,41845700
2003-07-11,46.2300,46.3500,43.3500,43.9100,43622700
2003-07-03,46.3500,46.6400,45.8900,46.2300,20253300
2003-06-27,46.2800,47.4700,45.7800,46.5100,21707100
2003-06-20,47.4500,48.3380,45.9400,46.4700,30930400
2003-06-13,46.4000,47.5800,45.5900,47.3500,18858200
2003-06-06,45.9400,47.2510,45.3400,46.8900,20594800
2003-05-30,43.9800,45.9510,43.8500,45.5700,22670100
2003-05-23,43.7000,44.8700,43.6200,44.1900,23951500
2003-05-16,43.9900,44.9800,43.6390,43.9500,23293100
2003-05-09,40.8500,44.1800,40.3000,43.9900,39691000
2003-05-02,39.8400,41.0900,39.4400,41.0000,27665100
2003-04-25,40.5500,40.8000,39.2500,39.4200,27282900
2003-04-17,41.4300,42.8500,39.0000,40.4000,34133100
2003-04-11,42.5500,42.6600,41.3000,41.4300,19874600
2003-04-04,40.3200,42.6000,39.7100,41.9000,26805100
2003-03-28,41.8000,41.9900,40.1400,40.7300,23043700
2003-03-21,39.9000,42.3000,39.7000,42.2500,31573000
2003-03-14,37.4000,40.0100,37.0100,39.9000,35132100
2003-03-07,40.1600,40.4400,37.0100,37.7000,38686900
2003-02-28,40.6300,40.6400,39.5000,40.2200,23684300
2003-02-21,40.9500,41.5200,40.0000,40.6400,18614800
2003-02-14,39.7000,41.0000,38.8500,40.8000,32216200
2003-02-07,40.5500,40.7500,39.5000,39.5300,28330800
2003-01-31,42.3500,42.7600,39.1500,40.4600,52789200
2003-01-24,45.2000,45.5900,42.7500,42.8300,19382400
2003-01-17,45.3000,46.0100,44.8400,45.1000,23957300
2003-01-10,44.6000,45.3800,43.7000,45.2000,20714000
2003-01-03,43.5700,44.9900,42.9000,44.7400,17404500
2002-12-27,44.1000,44.7000,43.2300,43.4700,12436900
2002-12-20,45.8500,45.9900,43.5700,44.0800,33036000
2002-12-13,45.2000,46.9100,44.5000,45.8500,31900400
2002-12-06,46.1800,46.2000,44.6300,45.4000,26697900
2002-11-29,45.0500,46.3900,44.5800,45.6400,18356200
2002-11-22,46.2000,47.1600,44.7500,45.4100,28559700
2002-11-15,44.5100,46.0000,44.2100,45.9700,27446500
2002-11-08,46.8400,46.9000,44.4800,44.5200,32998900
2002-11-01,46.9800,47.1600,45.0200,46.8300,27055900
2002-10-25,47.1000,48.7400,46.3700,46.9700,28226800
2002-10-18,51.2000,53.1000,44.5700,46.3900,55059800
2002-10-11,50.8300,52.8200,50.0100,51.4500,31681700
2002-10-04,47.8000,51.6900,47.4500,50.9000,27077500
2002-09-27,47.1200,49.3000,46.4100,48.4900,23502300
2002-09-20,49.8500,51.4000,47.0400,47.5200,29028300
2002-09-13,49.5600,51.5900,49.1100,49.6500,15571200
2002-09-06,50.4000,50.8500,49.0800,49.8900,17257100
2002-08-30,52.7000,53.2400,50.0000,51.0000,19955200
2002-08-23,52.4400,53.4000,50.9200,52.7000,21067900
2002-08-16,50.2000,52.7000,49.5800,52.1900,22249500
2002-08-09,50.1000,51.4400,47.5500,51.1000,23498700
2002-08-02,48.0000,50.8400,47.6100,50.1000,28865900
2002-07-26,45.1800,48.2500,43.6000,47.4500,49885700
2002-07-19,50.7500,52.2500,44.7400,45.0900,43793400
2002-07-12,56.7000,57.5000,50.7000,51.0500,43796200
2002-07-05,56.2500,57.2000,55.5600,56.4700,21017900
2002-06-28,56.0000,57.4500,54.3400,56.0000,31351900
2002-06-21,54.8000,56.3500,54.6900,56.0000,26081100
2002-06-14,53.9500,54.9900,53.6200,54.8500,22646600
2002-06-07,54.9000,55.4500,52.9500,54.0500,20086000
2002-05-31,55.9500,56.1500,53.8000,55.5600,17028700
2002-05-24,56.7500,57.4800,55.2500,56.2000,15957900
2002-05-17,56.0000,57.2500,55.9500,57.0000,17718500
2002-05-10,56.8000,57.1000,55.8400,56.3600,19702300
2002-05-03,54.4500,57.9100,54.0700,56.8600,29718300
2002-04-26,54.9900,55.8500,54.1500,54.4500,21742100
2002-04-19,52.8500,54.9800,51.8000,54.9100,23192600
2002-04-12,51.6000,54.4500,51.5400,53.3600,21750800
2002-04-05,52.3500,52.4100,51.5000,52.1800,20073100
2002-03-28,51.4500,52.6800,51.3500,52.2600,30597800
2002-03-22,48.8000,51.4800,48.1800,51.2500,26167400
2002-03-15,48.1000,49.0500,47.0100,48.6400,21373300
2002-03-08,48.1100,48.4000,46.3500,47.8500,22611300
2002-03-01,47.3000,48.4500,46.6100,48.4100,21350300
2002-02-22,46.3500,47.5000,45.4200,47.3000,18070600
2002-02-15,45.3000,47.0500,45.3000,46.9500,21793300
2002-02-08,44.6800,46.5200,44.3600,45.8500,27663200
2002-02-01,45.2500,45.2500,43.5000,44.6800,34999300
2002-01-25,45.4400,45.9400,43.7700,45.1500,22079400
2002-01-18,45.0000,45.4500,43.9300,45.4400,29145400
2002-01-11,47.0000,47.0000,44.4700,45.3000,30974800
2002-01-04,47.2500,47.7000,46.0200,46.4300,18358700
2001-12-28,48.7800,48.8000,46.9900,47.1700,13311200
2001-12-21,46.6500,48.7800,45.8000,48.7800,30149000
2001-12-14,46.1600,46.8700,45.4500,46.2500,20464200
2001-12-07,46.7500,47.4000,46.1000,46.6000,21039400
2001-11-30,48.9500,49.0900,46.4600,46.9600,19258600
2001-11-23,50.1000,50.2000,48.5100,49.1500,10654300
2001-11-16,48.9600,50.4500,48.7300,49.9300,18482000
2001-11-09,48.3000,49.9000,48.3000,49.2200,16120000
2001-11-02,49.0000,49.1500,47.3600,48.8800,16423500
2001-10-26,48.1100,49.4900,47.7500,49.1400,20850800
2001-10-19,44.2000,48.8800,44.0500,48.5900,34390400
2001-10-12,46.4900,46.5000,44.0100,44.8000,23683000
2001-10-05,46.5000,46.7300,44.2900,45.5000,27847800
2001-09-28,47.4000,49.2600,46.5000,46.8500,32814100
2001-09-21,49.5000,50.3100,45.2500,46.8000,42718700
2001-09-10,49.7400,50.1800,49.5000,49.9500,6866300
2001-09-07,48.9200,50.7000,48.4600,49.7300,25254000
2001-08-31,49.0000,49.7500,47.3100,48.6700,20310900
2001-08-24,47.9000,49.8500,47.7100,49.2100,20871300
2001-08-17,45.5000,47.8900,45.3500,47.5400,21874000
2001-08-10,44.7800,45.9800,44.3000,45.6700,23484900
2001-08-03,44.5400,44.7900,43.5000,44.7000,22348700
2001-07-27,46.0000,46.0500,43.6500,44.7900,19647500
2001-07-20,46.1000,47.2000,45.6100,46.1100,18123800
2001-07-13,44.9500,46.1400,44.2900,46.0100,17324500
2001-07-06,44.7900,46.0500,44.5700,44.6000,10873100
2001-06-29,44.0000,45.6600,43.0300,45.0000,38276400
2001-06-22,44.2600,44.4800,42.5900,42.8500,19803600
2001-06-15,45.5200,46.1300,44.1100,44.2600,17361300
2001-06-08,47.5000,47.6700,45.6500,46.0000,14816000
2001-06-01,48.2500,48.7900,46.9500,47.8100,11974100
2001-05-25,48.2500,49.3500,47.3000,48.1700,16576000
2001-05-18,45.7000,48.7000,45.2100,48.1000,21090900
2001-05-11,46.8400,46.9000,44.6000,45.2900,20440900
2001-05-04,46.7500,48.2000,45.8200,46.8300,20606100
2001-04-27,47.5000,48.4500,46.0000,47.0000,18698900
2001-04-20,44.5700,47.7700,44.1500,47.0000,25936900
2001-04-12,45.0000,45.5900,42.3700,44.5700,22152800
2001-04-06,45.4000,46.9200,43.8500,45.0000,22859400
2001-03-30,46.0000,47.2500,43.7600,45.1600,32221500
2001-03-23,48.0500,49.1000,44.0000,45.5000,32532700
2001-03-16,50.6000,51.3000,46.2000,48.6500,30214300
2001-03-09,51.2500,51.8800,49.3900,51.5000,25844000
2001-03-02,52.0000,53.9000,51.4500,52.5500,23407800
2001-02-23,59.8500,60.9800,51.4100,52.0000,31544000
2001-02-16,59.7100,60.8700,56.9900,59.3600,19080700
2001-02-09,57.7000,60.9900,57.6200,60.1400,18083600
2001-02-02,57.0400,58.2700,56.5300,57.7400,16012400
2001-01-26,55.5600,59.1900,55.1900,57.9400,18826600
2001-01-19,57.0600,58.6900,55.3100,55.8100,15827000
2001-01-12,57.8800,59.9400,56.2500,56.6300,20064800
2001-01-05,60.3100,62.1900,56.7500,57.6900,22903200
2000-12-29,58.8800,61.9400,58.6200,60.9400,11936100
2000-12-22,54.0000,59.6300,53.6300,58.8800,27375700
2000-12-15,60.0000,60.1900,53.5000,53.5000,32292000
2000-12-08,62.0000,63.3800,60.3800,60.8800,20898100
2000-12-01,58.5600,62.6300,58.0600,62.1900,21502100
2000-11-24,58.7500,60.3100,55.2500,59.0000,25308900
2000-11-17,61.3100,62.8100,59.6300,61.4400,21403500
2000-11-10,59.1300,63.0600,58.8100,61.8800,18510400
2000-11-03,58.8800,61.4400,58.6900,59.3100,21911300
2000-10-27,54.8800,59.3100,53.8800,58.9400,19838000
2000-10-20,57.0600,59.2500,53.7500,54.8100,20458300
2000-10-13,58.1900,59.5600,56.3800,57.1900,17061400
2000-10-06,55.5000,59.3800,55.2500,58.4400,22694800
2000-09-29,52.6300,56.6300,52.6300,55.1300,24539700
2000-09-22,51.0000,53.5000,49.1900,52.8800,28838300
2000-09-15,54.2500,54.6900,49.9400,50.8100,23317900
2000-09-08,54.0000,57.0600,53.2500,54.5600,16894400
2000-09-01,57.2500,57.7500,51.5000,54.2500,27065000
2000-08-25,59.7500,59.9400,55.0000,56.0000,17753500
2000-08-18,62.2500,63.2500,59.5000,60.3100,16284900
2000-08-11,61.5600,62.7500,59.6900,62.2500,14945600
2000-08-04,62.0600,64.0000,61.1300,62.1300,18330400
2000-07-28,60.0000,63.0000,58.6300,62.6900,22185600
2000-07-21,57.5600,61.2500,56.5600,60.8600,24200200
2000-07-14,58.6300,58.6900,55.2500,57.6300,17416900
2000-07-07,58.1300,59.2500,57.8100,58.7500,12376000
2000-06-30,57.9400,60.8800,56.2500,57.4400,35592500
2000-06-23,54.0000,58.3100,52.6900,57.8800,24864400
2000-06-16,52.3100,56.1900,52.2500,55.5000,27458700
2000-06-09,52.3100,53.3800,51.0600,52.3100,15528400
2000-06-02,54.9400,55.0000,52.1300,52.5600,12655400
2000-05-26,50.0600,55.0000,49.4400,54.5600,23913200
2000-05-19,52.0000,52.7500,48.0000,50.0600,25567000
2000-05-12,47.6900,53.8100,47.6300,52.2500,36439300
2000-05-05,46.6300,49.1900,45.9400,47.0600,22101200
2000-04-28,49.4400,50.5000,46.7500,47.2500,22108700
2000-04-20,46.7500,49.6900,46.2500,49.4400,21031500
2000-04-14,46.5000,49.9400,44.8800,47.0000,29483400
2000-04-07,47.4400,52.3800,44.7500,46.1900,47441300
2000-03-31,46.8100,49.9400,44.8800,46.9400,34076600
2000-03-24,49.0000,49.6900,46.1900,47.0000,23159100
2000-03-17,43.2500,49.9400,42.8800,49.1300,40543800
2000-03-10,49.1900,49.5000,44.0600,45.5000,36098200
2000-03-03,48.0600,51.8100,47.5600,50.1300,28559200
2000-02-25,50.8100,52.6300,48.0600,48.6900,23960700
2000-02-18,55.0600,55.7500,50.7500,51.3800,22479200
2000-02-11,56.0600,57.8800,54.8800,55.5600,19836100
2000-02-04,57.0600,58.7500,55.0600,56.2500,23489700
2000-01-28,66.0000,66.7500,56.9400,56.9400,36587200
2000-01-21,61.3100,66.8800,61.0600,66.8800,27044900
2000-01-14,60.5000,61.9400,58.7500,61.0600,20065400
2000-01-07,57.3100,60.7500,55.2500,60.7500,23182800
1999-12-31,59.2500,59.9400,58.0600,58.2500,10684600
1999-12-23,59.7500,60.7500,58.1300,59.2500,14861400
1999-12-17,63.0000,63.0000,57.3800,59.7500,24198400
1999-12-10,68.1900,68.1900,58.7500,63.2500,54066500
1999-12-03,65.8800,69.0000,65.7500,68.3100,19677300
1999-11-26,61.5000,68.4400,61.5000,66.5600,29622700
1999-11-19,57.5000,60.8100,57.5000,60.5000,17051900
1999-11-12,57.9400,58.9400,56.5000,57.5000,12376300
